720000
288000
1296000
1152000
720000
1440000
720000
1440000
720000
2880000
1440000
1440000
1440000
1440000
1440000
2880000
2016000
864000
2592000
3840000
1872000
2784000
288000
480000
960000
480000
960000
480000
480000
240000
960000
288000
480000
240000
240000
240000
240000
1440000
1248000
480000
480000
480000
720000
1440000
2448000
1008000
720000
1440000
1872000
3888000
576000
4800000
480000
480000
720000
1440000
576000
720000
960000
1680000
480000
1536000
480000
672000
4320000
1440000
576000
480000
1440000
480000
720000
